function expr = x7m(t,in2,in3)
%X7M
%    EXPR = X7M(T,IN2,IN3)

%    This function was generated by the Symbolic Math Toolbox version 9.1.
%    28-Oct-2022 18:07:46

He = in2(3,:);
Hi = in2(2,:);
Hr = in2(6,:);
Hs = in2(7,:);
Me = in2(5,:);
Mi = in2(8,:);
Ms = in2(4,:);
param45 = in3(:,1);
param46 = in3(:,2);
param47 = in3(:,3);
param48 = in3(:,4);
param49 = in3(:,5);
t2 = He.*param48;
t3 = Hi.*param45;
t4 = Me+Mi+Ms;
t5 = He+Hi+Hr+Hs;
t8 = Hi.*Ms.*6.580291229192599e+15;
t9 = He.*Me.*2.251799813685248e+15;
t10 = He.*Mi.*2.251799813685248e+15;
t11 = He.*Ms.*2.251799813685248e+15;
t12 = Hs.*Mi.*3.062155377024007e+18;
t6 = 1.0./t4;
t7 = 1.0./t5;
t13 = -t12;
mt1 = [t2;Hi.*(-4.0e-4)+t2-t3;t6.*(t9+t10+t11+t13+Me.*t2.*5.62949953421312e+18+Mi.*t2.*5.62949953421312e+18+Ms.*t2.*5.62949953421312e+18).*(-1.77635683940025e-19)];
mt2 = [t7.*(t8-He.*param46.*9.007199254740992e+15-Hi.*param46.*9.007199254740992e+15-Hr.*param46.*9.007199254740992e+15-Hs.*param46.*9.007199254740992e+15+He.*Ms.*param47.*9.007199254740992e+15+Hi.*Ms.*param47.*9.007199254740992e+15+Hr.*Ms.*param47.*9.007199254740992e+15+Hs.*Ms.*param47.*9.007199254740992e+15).*(-1.110223024625157e-16)];
mt3 = [t7.*(-t8+He.*Me.*param47.*9.007199254740992e+15+He.*Me.*param49.*9.007199254740992e+15+Hi.*Me.*param47.*9.007199254740992e+15+Hi.*Me.*param49.*9.007199254740992e+15+Hr.*Me.*param47.*9.007199254740992e+15+Hr.*Me.*param49.*9.007199254740992e+15+Hs.*Me.*param47.*9.007199254740992e+15+Hs.*Me.*param49.*9.007199254740992e+15).*(-1.110223024625157e-16)];
mt4 = [Hr.*(-4.0e-4)+t3;(t6.*(t9+t10+t11+t13+Hi.*Me.*2.251799813685248e+15+Hi.*Mi.*2.251799813685248e+15+Hr.*Me.*2.251799813685248e+15+Hr.*Mi.*2.251799813685248e+15+Hi.*Ms.*2.251799813685248e+15+Hr.*Ms.*2.251799813685248e+15))./5.62949953421312e+18;Me.*param49-Mi.*param47];
expr = [mt1;mt2;mt3;mt4];
